q = 1.2989903822689445e-5
q_prime = 0.0
p = 1.0
delta = 0.0
t = 0.0
tf = 0.11126500560536184
multilayer = "FLAT"
alpha1 = 0.8
alpha2 = 1
l_diffraction = 0.002550536250964645
file = "delay.toml"
mode = "delay"
output = "results/"
